178.969 238.029 -15.6316 4.21198 24.8332
1959.08 236.977 -36.2769 0.827771 18.749
154.74 257.753 -15.5125 4.48427 24.7653
26.8682 424.58 -15.2457 6.25487 23.9814
2030.14 509.277 -38.4497 -0.620827 15.9683
3461.84 527.709 -42.5717 9.73767 28.8197
3447.05 529.933 -42.7742 9.47918 28.7372
3679.34 708 -41.4103 12.8899 28.5455
2054.05 726.261 -35.7511 1.16654 19.3815
3357.16 725.326 -44.132 8.91408 26.5946
3282.39 768.118 -45.0578 7.894 25.6601
1900.64 788.17 -18.0619 -5.54615 28.0385
3551.81 818.971 -42.7401 11.8641 27.1241
3283.09 860.148 -45.427 8.28663 24.8365
3182.87 883.175 -46.7279 6.57604 23.6375
3195.02 888.748 -46.5039 6.88035 23.7242
2090.24 898.153 -41.4566 -1.77451 11.0388
2051.08 928.906 -35.3716 3.66516 18.2501
1336.56 963.614 -21.0137 9.17694 24.9618
3216.3 964.156 -46.4424 7.72394 23.2405
3184.57 988.873 -46.5764 7.52275 22.7215
3295.72 1040.99 -45.9001 9.40161 23.3792
3539.91 1056.44 -43.2213 12.8091 25.4338
3377.09 1060.6 -44.9127 10.7752 24.0272
3182.11 1082.76 -47.0862 7.89342 21.7523
2097.24 1124.1 -37.3541 2.76099 15.2893
3048 1147.21 -48.3046 6.15169 19.4429
3147.9 1148.89 -47.9247 7.57309 20.602
3124.21 1154.49 -47.6864 7.4999 20.3865
3126.05 1169.11 -47.5721 7.70239 20.3091
3234.36 1207.68 -46.4969 9.71266 21.3538
3242.08 1236.15 -46.4351 10.0352 21.2176
3046.31 1245.46 -48.3414 7.00609 18.4991
3247.91 1258.07 -46.406 10.2727 21.1068
2202.25 1262.48 -44.9048 -4.24414 7.48178
3159.04 1272.8 -47.1202 9.15778 19.9081
3144.82 1275.53 -47.2472 8.96776 19.6945
3253.2 1279.37 -46.3548 10.509 21.0085
2991.98 1282.36 -49.0222 6.29153 17.2327
3198.55 1286.31 -47.1958 9.6519 20.1635
3163.25 1293.19 -47.1075 9.37956 19.79
3128.01 1296.53 -47.3524 8.91041 19.3129
3166.28 1307.6 -47.055 9.55451 19.7191
2175.81 1322.09 -43.7319 -2.55992 7.5269
2318.6 1328.86 -59.5726 -16.9137 -5.29259
3134.68 1329.04 -47.3246 9.26975 19.1228
3171.55 1335.26 -46.9899 9.8633 19.5785
3180.13 1338.43 -46.9608 9.99081 19.6458
3180.13 1338.43 -46.9608 9.99081 19.6458
3174.68 1348.12 -46.9914 9.99994 19.4999
2270.28 1352.42 -58.1641 -16.6804 -6.14036
2800.75 1354.62 -54.6428 0.675011 10.6912
3037.09 1355.66 -48.1052 8.0394 17.5035
2285.44 1358.2 -58.0633 -15.8448 -5.54125
3043.05 1359.72 -48.0407 8.17792 17.5633
2270.82 1361.47 -57.637 -15.8849 -5.76105
3190.38 1364.49 -47.0055 10.2835 19.5289
3190.38 1364.49 -47.0055 10.2835 19.5289
3024.59 1375.49 -48.483 7.8825 17.0085
2359.82 1387.75 -57.7485 -12.2364 -3.15036
2386.94 1388.6 -58.8312 -12.6192 -3.5448
2386.94 1388.6 -58.1779 -11.7205 -2.63883
2858.7 1394.67 -55.1532 1.94264 10.9043
2858.7 1394.67 -55.0447 2.00838 10.9724
2422.59 1397.77 -60.8395 -12.947 -4.13715
2422.59 1397.77 -60.8395 -12.947 -4.13715
2369.99 1398.73 -58.2 -12.0762 -3.33138
2821.34 1398.97 -54.6579 1.65683 10.465
3306.49 1420.91 -45.8915 12.253 20.6086
3075.64 1433.03 -47.8709 9.2959 17.3802
3077.79 1439.68 -47.9601 9.33628 17.3168
2131.41 1449.97 -38.9445 4.10677 11.3024
3045.55 1463.86 -48.2926 9.0521 16.5724
2530.11 1465.88 -76.3205 -20.8039 -15.2113
2424.42 1470.59 -60.3094 -10.86 -4.95614
2438.15 1479.87 -61.1946 -11.0258 -5.50996
2438.15 1479.87 -61.2099 -11.0387 -5.52001
3014.78 1479.55 -49.0409 8.50151 15.683
3200.79 1480.02 -46.75 11.4379 18.8544
2516.47 1481.45 -77.6093 -21.9195 -17.3467
2405.99 1490.13 -58.9005 -9.76265 -4.58408
2132.27 1497.38 -38.8496 4.6981 11.0506
2892.3 1500.83 -55.561 3.68396 9.95609
2746.64 1503.6 -53.2676 2.65414 8.70309
2567.14 1504.61 -78.3598 -19.7066 -16.289
2097.65 1507.15 -36.6907 6.94727 13.4157
2269.35 1511.61 -55.8952 -10.8378 -6.67561
3324.86 1514.12 -45.7715 13.1427 20.1776
2204.78 1522.62 -54.7099 -11.5898 -8.00513
3310.63 1535.53 -45.9385 13.1367 19.8496
3200.56 1539.05 -46.7341 11.9274 18.4204
2449.34 1541.32 -61.3909 -9.55407 -6.51321
2872.33 1541.6 -54.5069 4.52069 9.75457
2328.52 1544.23 -56.6813 -9.01649 -5.93048
2727.51 1549.53 -52.7017 3.29245 8.1799
3081.71 1551.35 -47.9519 10.4134 16.4511
1694.22 1555.59 -29.1708 14.7269 21.858
3769.97 1558.63 -7.21133 23.3072 40.77
3769.97 1558.63 -7.21133 23.3072 40.77
2429.39 1569.12 -59.9232 -8.30407 -6.23013
3236.48 1576.82 -46.5264 12.6376 18.6036
3246.11 1578.34 -46.5798 12.7201 18.6625
3210.3 1583.28 -46.657 12.4134 18.2348
3224.17 1583.63 -46.4514 12.6092 18.4648
2488.97 1584.2 -63.6796 -9.17597 -8.09791
2874.82 1610.55 -54.245 5.61775 9.16375
3140.77 1610.69 -47.1551 11.8416 17.0515
2417.85 1620.08 -58.6443 -6.51948 -6.23665
2502.75 1622.45 -65.1742 -9.00248 -9.7669
2794.39 1622.29 -53.2216 5.06663 8.22563
2922.77 1623.34 -54.7886 6.25745 9.55556
2782.47 1623.35 -53.0761 4.97048 8.09502
2496.22 1624.9 -64.1605 -8.39834 -9.08251
2427.49 1626.67 -59.3238 -6.67391 -6.72707
2739.67 1626.94 -52.474 4.67027 7.65416
2752.5 1626.54 -52.6655 4.76946 7.78069
2884.69 1631.16 -54.3519 5.99998 9.03879
1785.21 1640.64 -29.7911 14.4064 20.9574
2272.89 1640.76 -51.5611 -3.93854 -3.44687
2279.93 1643.85 -51.8375 -3.95565 -3.61173
2271.72 1650.2 -51.5427 -3.78069 -3.60013
2367.39 1649.36 -56.7427 -5.93261 -6.52242
2367.39 1649.36 -56.7362 -5.76693 -6.45152
2971.51 1649.23 -49.8542 9.39891 13.1074
2159.72 1649.86 -40.6884 4.59174 7.72342
2306.79 1651.56 -52.6814 -4.23239 -4.13139
2360.8 1653.75 -56.1151 -5.38579 -6.05315
2546.56 1654.75 -68.4067 -9.17368 -11.8255
2486.91 1659.7 -63.3537 -7.2949 -9.30648
3066.82 1659.34 -47.8815 11.3136 15.4321
2588.24 1663.52 -72.6408 -10.4288 -14.2364
2336.33 1666.73 -54.8035 -4.62086 -5.58639
3057.5 1672.21 -47.9424 11.3168 15.1827
2818.5 1675.52 -53.4826 6.02811 7.8745
2578.35 1681.67 -71.1512 -9.29925 -13.6952
3039.56 1681.1 -48.3811 11.0602 14.6255
2334.47 1685.05 -54.3962 -4.0075 -5.50486
2819.92 1691.73 -53.3135 6.34961 7.85242
2894.83 1690.05 -54.2411 6.99486 8.62127
2794.06 1693.25 -53.0765 6.10522 7.50898
2780.52 1694.62 -52.7943 6.05726 7.45383
3082.12 1696.14 -47.5082 11.949 15.5395
2561.68 1697.01 -70.0343 -8.69514 -13.6557
2823.17 1698.55 -53.2879 6.49799 7.83382
2313.9 1700.45 -53.3003 -3.33568 -5.11895
2313.9 1700.45 -53.1654 -3.20986 -4.94621
3257.81 1701.09 -46.3232 13.9109 18.0549
2624.68 1708.34 -86.8061 -16.5336 -26.4386
3062.6 1713.38 -48.0064 11.7479 14.8812
3091.71 1717.75 -47.6584 12.1872 15.4043
2236.82 1720.64 -50.4923 -2.47819 -4.54265
2236.82 1720.64 -50.4923 -2.47819 -4.54265
2509.33 1735.19 -64.4571 -5.67795 -11.0395
2239.23 1737.03 -50.4989 -2.15144 -4.69785
1626.52 1737.88 -3.12444 16.4481 31.2237
2160.23 1738.09 -40.4425 5.79003 7.27144
2160.23 1738.09 -40.4309 5.80312 7.29388
2436.54 1738.34 -59.0716 -3.90783 -8.11207
2436.54 1738.34 -59.0716 -3.90783 -8.11207
2264.97 1739.67 -51.0776 -1.97656 -4.63469
2264.97 1739.67 -51.0334 -1.92787 -4.57028
2517.82 1739.65 -65.1316 -5.78124 -11.4957
2089.09 1739.07 -36.1747 9.23625 12.4452
3084.8 1740.47 -47.7492 12.3147 15.0878
2448.88 1745.86 -59.6871 -3.83266 -8.47033
3066.84 1748.02 -47.9593 12.1483 14.6854
3066.84 1748.02 -47.9593 12.1483 14.6854
2336.18 1752.54 -54.1436 -2.4656 -6.24477
2544.31 1752.4 -67.2303 -6.04544 -12.8123
2044.25 1755.02 -34.1813 11.051 14.9661
2554.12 1759.59 -67.5762 -5.80389 -12.9107
2718.04 1758.92 -51.6407 6.59813 6.40839
2774.81 1761.37 -52.436 7.0632 6.87101
2584.63 1767.09 -71.2914 -6.96718 -15.4412
2547.81 1768.46 -67.2581 -5.56411 -13.0239
2799.25 1774.03 -52.8195 7.41111 6.9046
2962.98 1774.91 -50.7889 10.3588 11.2191
2337.26 1778.07 -54.3647 -2.09941 -6.87038
2429.34 1779.08 -58.2643 -2.64065 -8.20729
2429.34 1779.08 -58.2635 -2.64267 -8.2053
2548.34 1793.62 -67.4032 -5.02503 -13.6781
3429.79 1795.64 -44.9307 16.2601 19.723
1810.12 1808.82 -29.9376 14.8542 20.3957
2428.39 1818.76 -57.9996 -1.67839 -8.59354
2602.37 1823.51 -72.3522 -5.4914 -16.9596
2602.37 1823.51 -72.3522 -5.4914 -16.9596
2461.27 1830.2 -60.1889 -2.04352 -10.0897
2467.95 1831.47 -60.3646 -1.95311 -10.0664
2509.2 1832.68 -63.1504 -2.6042 -11.5487
1357.68 1833.51 -27.78 16.615 23.1594
2518.64 1836.13 -63.8591 -2.7063 -12.0079
3377.64 1837.77 -45.3627 16.1593 18.8052
2529.67 1839.74 -64.6338 -2.75591 -12.4509
3401.49 1841.79 -45.156 16.3871 19.1
2457.08 1847.35 -59.9897 -1.67054 -10.3218
2457.08 1847.35 -59.9897 -1.67054 -10.3218
2522.45 1852.57 -64.7934 -2.74059 -13.174
2216.01 1853.88 -49.6584 0.0814545 -6.13092
2460.91 1854.09 -60.2514 -1.59487 -10.6218
2168.98 1855.28 -40.3819 7.2159 6.47667
2224.71 1862.64 -49.7054 0.386667 -6.03314
2723.04 1868.97 -51.3188 8.32988 5.59066
2348.14 1884.16 -54.1181 0.32316 -7.90184
2930.49 1885.59 -51.4461 9.01869 5.44372
2930.49 1885.59 -53.4616 10.4472 7.70539
3180.04 1886.95 -46.9074 14.7766 15.6438
1903.32 1888.91 -31.0274 14.2534 18.6101
2724.57 1889.21 -51.2814 8.64375 5.43693
3263.8 1889.59 -46.2598 15.6017 16.9175
2403.03 1891.27 -56.2247 0.380043 -8.63192
3259.19 1896.83 -46.1821 15.6381 16.8572
2376.23 1903.67 -55.5393 0.38654 -8.97444
1807.88 1912.29 -29.8658 15.253 20.2398
1921.22 1911.22 -31.0983 14.3835 18.5883
3088.06 1913.95 -46.9479 14.2517 14.3281
2242.81 1914.78 -48.3034 2.76895 -4.08397
2352.61 1917.01 -53.3075 1.60806 -7.19016
2980.4 1925.48 -49.6329 12.6886 10.9393
3367.97 1928.9 -45.3445 16.83 18.1982
3375.47 1931.2 -45.333 16.8992 18.2644
2890.34 1933 -48.8476 12.0691 10.0488
3190.97 1934.42 -46.8516 15.3466 15.4647
2435.07 1938.46 -57.7611 1.11556 -10.1363
2405.72 1945.66 -55.9683 1.67944 -9.14015
2134.92 1947.19 -37.997 9.77239 8.78613
2214.06 1962.24 -42.4567 7.45721 3.31707
1927.77 1966.74 -31.104 14.6368 18.4398
1974.4 1969.59 -31.8543 14.1509 17.3906
3427.38 2395.33 -8.53852 3.38713 31.4362
412.061 72.5348 -16.5605 1.02837 25.4703
304.999 99.0151 -15.9266 2.46905 25.6442
206.765 126.768 -15.3884 3.74481 25.8227
202.694 197.811 -15.5831 3.80775 25.086
85.7508 341.397 -15.3876 5.47719 24.3597
96.3019 341.654 -15.4621 5.38655 24.3027
50.9357 389.332 -15.2857 5.90602 24.1483
127.89 406.978 -16.0065 5.29961 23.5634
3383.61 564.536 -43.5124 8.62732 28.1337
3369.47 595.831 -43.9477 8.39425 27.7935
3743.92 678.23 -41.22 13.304 29.0821
3255.88 778.215 -45.5119 7.38697 25.3438
3136.75 889.26 -46.4813 6.22409 23.2092
3209.71 958.017 -46.4323 7.60742 23.2377
3618.67 958.362 -42.2297 13.2575 26.6058
3195.43 987.776 -46.6658 7.53931 22.8058
3181.46 1103.24 -47.0233 8.08295 21.5802
3190.32 1106.93 -46.9822 8.23 21.6428
3243.95 1107.94 -46.5371 9.0444 22.2365
3139.53 1148.95 -47.9436 7.47883 20.5102
3144.67 1171.46 -47.4151 8.0155 20.525
2159.27 1182.59 -42.0278 -2.37613 10.638
3044.35 1185.65 -48.2353 6.50053 19.0689
3110.93 1195.26 -47.7576 7.63959 19.8571
3236.98 1197.58 -46.5115 9.6573 21.4528
1747.5 1228.24 -29.7432 12.8636 21.774
3037.43 1242.98 -48.3977 6.84309 18.3967
3130.68 1286.32 -47.3908 8.83791 19.4083
3130.68 1286.32 -47.3908 8.83791 19.4083
2176.46 1304.69 -43.8457 -2.91921 7.60303
2164.85 1306.99 -43.0668 -2.12738 8.24874
3233.82 1314.25 -47.0045 10.316 20.3447
3421.59 1346.98 -45.2098 12.9337 22.3128
888.856 1350.91 -16.238 6.68671 22.8457
3164.33 1364.23 -47.0779 9.98782 19.2388
3035.19 1367.11 -48.0634 8.15259 17.3962
2096.88 1374.97 -36.9011 5.58968 14.0093
2423.94 1379.01 -61.2807 -13.741 -4.13466
2252.06 1381.53 -56.406 -14.7555 -5.53186
2240.43 1384 -56.306 -15.0136 -5.8868
2359.66 1404.44 -57.7698 -11.9349 -3.48468
2359.66 1404.44 -57.7859 -11.9711 -3.51328
2359.66 1404.44 -58.4268 -12.5827 -4.1449
2910.66 1410.85 -50.6856 5.57448 14.05
2976.1 1418.03 -48.9579 7.46549 15.7877
2976.1 1418.03 -48.9579 7.46549 15.7877
3066.43 1418.36 -47.8856 9.0498 17.4033
2991 1422.77 -48.9532 7.68119 15.9428
2604.66 1455.87 -51.0657 0.977847 8.10977
2212.12 1462.59 -55.123 -13.0653 -7.12064
2270.91 1467.83 -56.1801 -11.9652 -6.14611
2912.03 1467.74 -55.823 3.46896 10.583
2414.45 1473.45 -59.9397 -10.7842 -5.02228
3251.76 1486.58 -46.8602 11.9275 19.2696
2703.17 1489.26 -52.5784 2.12912 8.51265
2416.41 1497.16 -59.827 -10.0839 -5.26891
2447.56 1499.36 -62.1336 -11.1156 -6.44709
3254.13 1500.51 -46.7455 12.1025 19.2355
2974.34 1507.01 -48.9621 8.33646 14.953
2535.91 1508.84 -78.8711 -21.2179 -18.2564
2258.18 1514.09 -55.66 -10.8859 -6.83262
2555.36 1515.84 -76.7169 -18.5661 -15.6813
2216.27 1522.22 -54.9373 -11.4429 -7.80546
2562.21 1534.74 -76.7746 -17.827 -15.8973
2490.36 1545.56 -67.2336 -12.828 -10.6162
3279.06 1545.51 -46.7772 12.6741 19.15
3300.75 1545.53 -46.1494 13.0596 19.6026
3232.73 1553.09 -46.5185 12.4023 18.7417
3232.73 1553.09 -46.5185 12.4023 18.7417
3263.94 1552.54 -46.9517 12.5654 18.877
2214.85 1561.65 -54.7435 -10.4528 -8.35549
2298.39 1564.69 -56.2253 -9.0819 -6.90139
3050.85 1569.01 -47.9969 10.2381 15.9016
2478.87 1586.6 -65.9443 -10.746 -10.768
2478.87 1586.6 -63.4777 -9.26833 -8.30363
3230.26 1590.45 -46.4554 12.7105 18.4757
1959.61 1594 -32.2374 11.8125 18.0226
2269.31 1601.79 -51.6795 -4.82168 -3.10176
2496.69 1608.08 -64.0179 -8.60466 -8.5374
2803.67 1620.94 -53.4857 5.05201 8.25474
3053.56 1620.98 -47.9496 10.7769 15.5399
2720.96 1629.92 -52.2346 4.59338 7.48311
2720.96 1629.92 -52.22 4.55294 7.47375
2305.5 1633.66 -53.2608 -4.69717 -4.26763
2801.37 1640.53 -53.4863 5.28193 7.96628
2787.32 1642.03 -53.2239 5.23405 7.86491
2762.02 1644.56 -52.8811 5.04069 7.59356
2490.57 1651.06 -63.8518 -7.73668 -9.50243
2334.63 1652.2 -54.8658 -5.05467 -5.5098
2296.7 1654.85 -52.2762 -3.69829 -3.75444
2296.7 1654.85 -50.9711 -1.7737 -1.06866
2296.7 1654.85 -52.0456 -3.24355 -3.15217
2370.61 1657.95 -56.7191 -5.51687 -6.48073
2352.52 1659.45 -55.7456 -5.15948 -6.00741
2561.57 1670.19 -70.1203 -9.40596 -13.1248
3048.1 1671.87 -48.0991 11.1566 14.9795
2350.18 1681.29 -54.6988 -3.92614 -5.22486
3395.9 1685.11 -45.4558 15.0832 19.8615
2133.74 1688.34 -38.4793 6.92267 10.0659
2806.81 1690 -53.2957 6.15688 7.62539
2096.85 1692.45 -36.3528 8.77825 12.63
2554.25 1700.75 -69.1292 -8.22756 -13.1902
2382.08 1702.58 -56.7698 -4.30352 -6.82396
2504.27 1722.6 -64.0978 -5.74721 -10.5105
2369.65 1726.72 -56.1347 -3.6685 -6.9965
2044.65 1729.08 -34.2198 10.8461 15.0456
2302.37 1731.64 -51.9372 -1.89406 -4.30424
3231.79 1734.88 -46.4709 13.9416 17.4843
2449.77 1735.95 -59.8057 -4.1629 -8.44122
2250.47 1739.04 -50.7224 -2.0103 -4.63188
2250.47 1739.04 -50.7185 -1.9961 -4.61183
2098.44 1740.1 -36.3153 9.20244 12.3896
2294.28 1741.32 -51.3925 -1.48662 -4.0679
2294.28 1741.32 -51.355 -1.32691 -3.84728
2303.06 1742.86 -51.7989 -1.56258 -4.27795
2944.84 1744.29 -52.0941 9.30804 10.3329
2552.33 1748.28 -68.472 -6.66209 -13.6321
3216.62 1748.39 -46.5143 13.9251 17.2212
3200.1 1755.79 -46.6995 13.8006 16.8909
3164 1758.34 -46.9822 13.4306 16.322
2722.87 1766.92 -51.7008 6.73193 6.41862
2722.87 1766.92 -51.7506 6.69764 6.3526
2603.29 1768.59 -74.4687 -8.08446 -17.6871
2488.82 1775.23 -62.3801 -3.96821 -10.4261
2586.13 1776.61 -70.575 -6.22852 -14.8991
2708.14 1783.51 -51.4028 6.89951 6.12378
2801.08 1784.68 -52.8677 7.58354 6.77911
2424.48 1785.92 -57.9367 -2.39936 -8.09557
2494.56 1785.09 -63.7198 -4.2384 -11.7038
2494.56 1785.09 -62.5468 -3.70091 -10.5839
2683.95 1785.33 -51.2789 6.63216 5.74744
3402.37 1792.17 -45.1651 16.004 19.3993
2085.99 1793.37 -35.7027 10.111 12.8159
2426.24 1798.57 -58.1074 -2.21509 -8.45532
1788.02 1803.38 -29.8435 14.8259 20.4
2577.96 1803.9 -70.4011 -5.60805 -15.6722
2469.72 1804.85 -60.6693 -2.70041 -9.84178
2104.96 1806.86 -36.2371 9.87506 12.1942
2568.07 1807.72 -69.321 -5.20102 -15.0624
2985.61 1811.03 -49.7503 11.3941 11.9267
2597.02 1811.92 -72.3201 -5.90634 -16.9146
1918.52 1844.04 -31.1347 14.0476 18.7115
3366.77 1854.15 -45.4519 16.1867 18.5771
2165.26 1864.07 -40.2127 7.42245 6.59301
2213.68 1863.09 -49.382 0.409427 -5.96456
4051.02 1895.69 -22.5789 16.1075 24.3303
2212.84 1903.14 -42.5886 6.57111 3.72189
2391.88 1909.5 -55.9209 0.674975 -9.00161
2222.56 1909.96 -42.7782 6.66126 3.59882
2866.38 1918.16 13.2505 11.6583 41.0681
3000.65 1919.54 -49.5292 12.8516 11.368
2397.25 1936.02 -55.6391 1.49394 -8.86111
2188.6 1950.71 -42.1193 7.14804 3.30292
1922.91 1958.36 -31.0754 14.6044 18.4818
2776.49 1959.41 -2.24924 18.9331 30.3868
2223.02 1967.04 -42.5963 7.55266 3.30629
2223.02 1967.04 -42.9351 7.24803 2.73463
2235.6 1968.72 -42.606 7.74412 3.65294
1679.53 2018.05 -28.9092 16.2519 21.3537
356.984 48.6308 -16.0665 1.73364 25.9743
1920.08 67.5404 -35.2794 1.28603 20.1714
295.296 95.5581 -15.812 2.50501 25.7007
387.244 94.6969 -16.5068 1.45366 25.3334
167.02 254.202 -15.6387 4.44752 24.7426
3262.18 260.184 -42.8416 6.08389 30.2912
150.547 273.035 -15.5585 4.60448 24.6329
136.74 289.241 -15.5832 4.86756 24.5626
119.189 297.572 -15.4314 4.97692 24.5684
19.705 409.897 -15.145 6.31481 24.1503
1990.68 729.514 -33.3238 5.21702 20.9335
3279.65 746.23 -45.0161 7.74251 25.8406
3262.41 788.042 -45.5672 7.48353 25.2987
3489.33 945.265 -43.5542 11.6612 25.8201
3489.33 945.265 -43.5542 11.6612 25.8201
3251.13 1095.85 -46.5334 9.03933 22.3975
3323.39 1152.56 -45.7195 10.5335 22.7588
3118.65 1190.46 -47.7071 7.73108 20.0186
3495.91 1280 -43.8904 13.5115 23.6117
2173.63 1289.44 -43.8373 -3.1992 7.71189
3243.59 1302.86 -46.5026 10.5354 20.6962
2216.59 1377.26 -56.5448 -16.3931 -6.99492
2086.97 1392.69 -36.603 5.98044 14.1174
3302.78 1410.08 -45.9029 12.1277 20.6462
3054.03 1442.65 -47.9886 9.09092 17.002
2477.52 1457.33 -7.1108 4.62623 30.3382
3001.77 1460.55 -48.9727 8.19596 15.7297
2595.42 1461.8 -50.9258 0.987943 7.99222
1615.88 1478.12 -28.7539 14.9394 22.4806
2442.53 1486.51 -61.564 -11.0725 -5.79717
2442.53 1486.51 -61.7031 -11.1541 -5.97369
2306.9 1494.6 -56.7321 -10.7737 -5.90854
2748.77 1494.49 -53.1544 2.62022 8.8918
2784.5 1501.07 -53.8579 2.89872 9.02782
2329.94 1502.6 -56.8522 -9.94782 -5.30821
2423.54 1510.58 -59.9801 -9.78677 -5.44304
2877.89 1516.67 -55.2852 3.84888 9.67097
3305.73 1528.37 -45.9576 13.0311 19.8444
2455.7 1535.13 -61.9761 -9.95054 -6.71106
2126.51 1539.96 -38.6253 5.26769 10.9094
2923.43 1540.15 -54.9178 5.09801 10.4633
2419.86 1549.27 -59.3435 -8.51646 -5.62973
2711.85 1559.67 -52.3935 3.37045 7.97381
2420.29 1574.77 -59.5423 -8.15518 -6.26852
3035.16 1577.62 -48.2884 10.0298 15.4835
2486.1 1600.97 -63.8666 -9.00731 -8.69881
2312.05 1605.69 -56.2145 -7.7835 -7.10819
2489.4 1615.83 -64.2867 -8.89658 -9.25942
2279.61 1623.19 -51.9335 -4.41261 -3.42915
2520.08 1624.54 -66.622 -9.4665 -10.5364
3139.73 1630.69 -47.2628 11.9755 16.8472
2784.18 1632.12 -53.1273 5.11766 8.00736
2255.92 1633.8 -51.3231 -4.26605 -3.6363
2096.67 1636.5 -36.4783 8.19653 12.8095
2744.66 1635.56 -52.6074 4.81023 7.57038
2261.98 1647.08 -51.3738 -3.98786 -3.72728
2346.02 1647.1 -55.2552 -5.1399 -5.4316
2747.62 1646.03 -52.7119 4.9246 7.42929
2755.99 1656.19 -52.8582 5.12494 7.37066
1506.6 1695.45 -28.2629 15.9314 22.7228
2300.46 1699.05 -52.2962 -2.8202 -4.35247
2985.99 1711.78 -49.8729 10.2474 12.7618
2985.99 1711.78 -49.5528 10.3696 12.935
2294.37 1714.03 -52.1785 -2.64187 -4.6155
1693.94 1723.56 -29.1354 15.2374 21.5792
2496.68 1729.87 -63.5573 -5.53652 -10.4917
2035.02 1737.72 -34.0947 10.9677 15.0676
2506.01 1746.77 -64.4148 -5.45322 -11.3254
2260.22 1750.52 -50.9138 -1.74635 -4.76579
2571.81 1768.39 -69.4289 -6.17501 -14.188
2545.5 1787.53 -66.1179 -4.46718 -12.3914
2455.43 1797.59 -60.3324 -3.00297 -9.85814
2984.95 1799.09 -49.6807 11.2705 12.0708
2694.96 1817.88 -51.4078 7.17583 5.49697
2694.96 1817.88 -51.2826 7.22689 5.58898
2129.87 1828.21 -38.0546 8.57415 9.54627
2531.66 1830.85 -65.0788 -3.19914 -12.6947
2205.05 1852.8 -49.3393 0.0995235 -6.01987
2248.49 1854.15 -50.2709 0.310415 -5.86141
2566.63 1856.08 -67.9106 -3.24032 -14.7159
2566.63 1856.08 -67.7326 -3.14786 -14.5389
3192.72 1865.78 -47.1433 14.643 15.7983
3244.83 1876.71 -46.5599 15.2897 16.6217
2369.38 1879.83 -55.284 -0.05857 -8.52932
3186.92 1880.72 -46.9084 14.7764 15.7618
2392.3 1889.14 -56.1914 0.0681228 -9.02186
2495.92 1892.8 -62.4756 -1.16807 -12.4656
1806.52 1896.65 -29.8699 15.1936 20.2619
2138 1910.84 -38.1616 9.32184 8.87737
2557.19 1914.42 -66.5667 -1.30778 -14.8964
2186.99 1928.56 -41.9909 6.98977 3.69546
2158.89 2002.22 -38.2603 10.3539 8.43212
331.009 56.2263 -15.8502 1.97785 25.9686
213.858 199.719 -15.7575 3.81107 25.0391
165.524 235.415 -15.5131 4.35371 24.9112
1375.31 584.479 -27.686 13.9047 24.8247
3519.59 611.579 -42.3061 10.7998 28.4404
3519.59 611.579 -42.3061 10.7998 28.4404
3424.29 618.08 -43.2063 9.49046 27.9006
3536.23 673.042 -42.6604 11.055 28.1033
1156.84 734.65 -27.2176 15.3156 25.0041
1460.18 818.207 -28.0732 13.8992 24.1116
3195.65 913.116 -46.5751 7.04315 23.4914
3169.71 928.124 -46.2173 7.07363 23.2013
3196.9 1070.51 -46.8133 8.10596 22.0612
3313.04 1143.81 -45.7942 10.3214 22.7163
3443.4 1148.48 -44.2982 12.1502 24.0034
2934.1 1275.35 -49.9578 4.8658 16.1454
2304.06 1322.42 -59.4655 -17.5321 -5.66992
3233.14 1327.85 -46.9619 10.4237 20.2544
2283.68 1340.58 -58.8915 -17.2908 -6.16705
3061.18 1343.68 -48.0609 8.2274 17.9019
2239.79 1395.21 -56.1515 -14.6303 -5.97408
2239.79 1395.21 -53.683 -16.4203 -9.00504
2239.79 1395.21 -56.0879 -14.5483 -5.88499
3015.8 1394.91 -48.337 8.04523 16.7888
2642.27 1411.32 -57.6561 -3.83885 4.56734
2407.79 1460.27 -59.4488 -10.8485 -4.52951
2407.79 1460.27 -59.527 -10.912 -4.64172
2407.79 1460.27 -59.6853 -11.0469 -4.72047
2282.22 1461 -56.394 -11.9573 -5.81851
3075.82 1459.78 -47.9634 9.49636 17.1207
1975.42 1465.13 -32.5273 10.9175 18.2761
2954.14 1470.85 -50.154 7.12865 14.3645
3216.44 1472.77 -46.6698 11.5583 19.0919
3241.39 1495.32 -46.7883 11.9343 19.1297
2422.89 1509.56 -59.5316 -9.43603 -5.04562
2422.89 1509.56 -59.9801 -9.78677 -5.44304
2479.86 1523.32 -66.4346 -13.1231 -9.79496
3323.79 1529.1 -45.702 13.2715 20.0977
3106.36 1548.5 -47.6387 10.7723 16.9042
3324.08 1547.94 -45.9 13.3578 19.9035
2820.44 1550.27 -53.8754 4.13384 9.10645
2309.91 1556.92 -56.3894 -9.04144 -6.52561
2285.51 1562.03 -55.9184 -9.27798 -6.97213
2525.35 1560.11 -70.3171 -13.6569 -12.3814
2525.35 1560.11 -70.3893 -13.7118 -12.4547
2539.97 1560.57 -71.1385 -13.6831 -12.56
2710.85 1560.82 -52.3935 3.37045 7.97381
3078.45 1571.38 -47.8106 10.611 16.3232
2275.13 1577.16 -53.1318 -6.49118 -4.22317
2275.13 1577.16 -53.0619 -6.44298 -4.15482
2042.28 1588.5 -34.3644 9.77479 15.5504
2453.04 1589.74 -61.5378 -8.51361 -7.39057
2453.04 1589.74 -61.5378 -8.51361 -7.39057
3023.41 1595.9 -48.5627 9.97537 15.0395
3408.44 1625.54 -45.2825 14.7686 20.4013
2717.38 1627.97 -52.1191 4.55663 7.51173
2717.38 1627.97 -50.691 5.35938 8.99985
1693.93 1639.05 -29.1645 14.9636 21.6987
2300.41 1658.19 -52.5399 -3.70759 -3.92215
2558.24 1656.13 -69.8127 -9.68402 -12.6851
2332.96 1659.19 -54.4403 -4.59201 -5.17855
2332.96 1659.19 -54.7209 -4.8193 -5.48471
2045.19 1681.15 -34.2822 10.4818 15.2061
3043.74 1690.72 -48.0446 11.3136 14.7738
2048.44 1697.96 -34.2764 10.6394 15.201
2838.87 1700.3 -53.4748 6.67561 8.00113
2360.55 1707.37 -55.9198 -4.16443 -6.76861
2579.02 1707.14 -71.3494 -8.74128 -14.4374
3003.82 1711.54 -48.7897 10.8464 13.6561
3100.86 1713.14 -47.737 12.2176 15.518
3370.8 1715.86 -45.5279 15.1097 19.4093
2279.18 1735.84 -51.2437 -1.79857 -4.3019
2969.56 1747.33 -50.3695 10.2683 11.8505
2533.71 1748.46 -66.433 -5.93633 -12.3325
2297.91 1754.79 -51.5732 -1.28567 -4.34134
2297.91 1754.79 -51.7289 -1.44627 -4.56741
3228.54 1754.28 -46.5586 14.0611 17.2736
2363.54 1772.83 -55.8674 -2.73961 -7.67613
2553.23 1798.44 -67.5983 -4.85285 -13.7924
2586.29 1812.26 -70.4179 -5.17046 -15.54
2216.56 1816.43 -49.7932 -0.719507 -5.73013
2502.62 1815.12 -63.2948 -3.26478 -11.6629
2558.09 1816.4 -67.9994 -4.56635 -14.3352
2087.02 1829.91 -35.7459 10.347 12.5167
2494.81 1829.73 -62.5649 -2.7045 -11.409
2301.19 1835.54 -51.3583 0.403652 -5.15519
2216.95 1842.08 -49.7087 -0.14957 -6.00944
3398.52 1840.8 -45.1886 16.3496 19.0708
2620.74 1851.84 -73.2239 -4.65417 -17.6519
2495.48 1855.17 -62.1989 -1.91187 -11.4456
3384.17 1859.16 -45.2215 16.3864 18.8164
3206.18 1860.56 -47.4602 14.6477 15.8128
2555.08 1869.16 -67.2057 -2.84175 -14.7335
2018.5 1874.03 -32.9499 12.8639 16.2264
2360.96 1891.15 -54.7233 0.356255 -8.31047
2566.3 1895.28 -67.544 -2.06372 -15.1215
2049.44 1899.64 -33.6728 12.5229 15.1915
2430.24 1935.79 -57.4588 1.13878 -9.90533
1955.63 1985.71 -31.545 14.4187 17.7534
413.82 63.4681 -16.5361 0.961598 25.5643
4226.88 240.544 -12.8231 5.57975 29.1851
845.934 252.592 -26.51 15.6348 26.067
3299.7 597.618 -43.9122 7.72778 27.3125
3299.7 597.618 -43.9624 7.6934 27.3244
3374.93 618.33 -43.9084 8.60955 27.6273
3514.22 635.603 -42.4358 10.7904 28.2359
3253.49 686.653 -44.6944 7.2943 26.2029
3201.97 790.228 -45.6102 6.82425 24.8054
3192.11 810.395 -45.7888 6.7383 24.5209
3182.53 827.822 -46.0251 6.60923 24.2547
3280.7 843.916 -45.4867 8.11414 24.9514
3171.48 846.584 -46.1927 6.5203 23.96
3180.36 871.064 -46.56 6.56011 23.7712
3133.45 876.521 -46.4732 6.10167 23.301
3133.45 876.521 -46.4665 6.10822 23.309
3189.4 937.914 -46.478 7.20108 23.2297
3729.78 1023.13 -41.7192 14.5019 26.8896
3262.34 1080.96 -46.3963 9.0874 22.6523
2928.95 1152.74 -40.3691 8.13849 40.0575
2928.95 1152.74 -72.8604 -12.1214 7.78339
3210.69 1233.06 -46.9204 9.46481 20.7996
3165.32 1262.96 -47.1302 9.13811 20.0483
3271.79 1316.46 -46.3417 10.9665 20.9023
3202.51 1347.77 -46.9445 10.3015 19.7984
3395.21 1394.85 -45.0683 13.081 21.818
2999.42 1411.4 -49.1158 7.59473 16.0714
1961.32 1435.92 -32.4182 10.7831 18.3991
3062 1452.8 -48.0258 9.2584 16.9989
2473.39 1456.37 -63.3907 -12.6122 -6.03547
2473.39 1456.37 -63.6691 -12.5849 -6.13488
1960.46 1469.21 -32.3763 11.0063 18.3135
2253.94 1469.94 -55.8409 -12.1652 -6.4112
2253.94 1469.94 -55.8409 -12.1652 -6.4112
3027.51 1471.82 -48.3823 8.86128 16.2874
2639.77 1480.86 -51.8366 1.37941 7.94315
2272.86 1481.18 -56.5897 -12.0036 -6.72763
2878.65 1483.35 -55.1708 3.46459 10.1646
2332.15 1484.72 -56.897 -10.3164 -5.01908
2913.11 1484.49 -56.3821 3.37524 10.0727
2886.88 1520.05 -55.868 3.7132 9.44775
2334.91 1556.77 -56.7384 -8.61476 -6.0022
2334.91 1556.77 -57.1168 -11.2033 -4.68339
2334.91 1556.77 -56.7248 -8.60038 -5.98175
2412.99 1560.03 -59.0281 -8.23306 -5.73746
3254.63 1564.12 -46.5671 12.6875 18.852
2255.92 1569.09 -55.0811 -9.26277 -7.22776
2255.92 1569.09 -55.3894 -9.5619 -7.60899
2218.19 1575.58 -54.6924 -9.99162 -8.3657
2238.13 1588.01 -54.0528 -8.39394 -6.92346
1415 1592.35 -27.9702 15.996 23.2178
2284.05 1595.04 -53.3831 -6.1959 -4.56835
2337.63 1600.32 -56.4902 -7.37255 -6.41431
2337.63 1600.32 -56.5349 -7.43713 -6.46959
1120.67 1604.46 -27.2888 16.6754 24.0201
1407.54 1635.81 -28.0281 16.2063 23.3298
1407.54 1635.81 -27.9438 16.1074 23.2019
3390.6 1636.93 -45.3829 14.6616 20.1406
2954.67 1654.37 -51.2326 8.6588 11.9773
2334.1 1677.76 -54.3686 -4.15872 -5.358
3017.78 1684.67 -48.4577 10.8443 14.2754
2371.88 1694.2 -56.5445 -4.62931 -6.86716
2358.22 1706.6 -55.0394 -3.56565 -5.78837
2358.22 1706.6 -55.9198 -4.16443 -6.76861
2725.24 1713.65 -51.9843 5.90509 6.82158
2328.17 1747.02 -53.898 -2.57662 -6.11504
2678.33 1747.07 -51.4948 5.91476 5.88661
2916.8 1755.53 -54.2057 8.21947 8.32865
2280.16 1773.76 -51.0979 -1.02071 -4.58449
2495.59 1771.99 -62.8301 -4.11498 -10.6075
2827.05 1777.16 -53.1549 7.73156 7.19979
2798.29 1798.09 -52.8187 7.75379 6.62087
2715.39 1830.06 -51.3907 7.63757 5.78087
2596.59 1851.18 -69.293 -3.30053 -14.8135
2000.37 1855.13 -32.5195 13.0805 16.8861
3101.3 1885.71 -47.1392 14.0427 14.566
3568.67 1886.96 -43.3785 17.9947 21.0198
4036.82 1887.17 -40.3149 20.5205 25.0704
3194.19 1896.2 -47.029 14.9578 15.6718
3194.19 1896.2 -47.036 14.9575 15.6683
2153.57 1897.07 -39.0892 8.57013 7.8021
2538.55 1896.59 -65.127 -1.44107 -13.7766
3212.35 1907.1 -47.0395 15.208 15.8059
3212.35 1907.1 -31.4726 18.5399 44.2214
3099.58 1908.91 -47.1032 14.2694 14.4062
3099.58 1908.91 -47.0948 14.2732 14.4092
3083.43 1920.76 -47.084 14.2368 14.1123
3116.52 1933.94 -46.4129 14.7987 14.8536
1972.36 1943.65 -31.9015 13.971 17.3733
3211.68 1945.69 -46.1645 15.7177 16.0469
3130.34 1950.05 -46.2036 15.1011 15.0697
2026.34 1953.22 -33.1203 13.1776 15.6216
2199.72 1962.04 -42.3017 7.33321 3.18243
2144.54 1988.78 -37.8565 10.348 8.91066
1710.58 2085.75 -29.0623 16.3368 21.0343
1727.54 2097.59 -29.1542 16.316 20.887
162.682 189.236 -15.318 4.35819 25.4253
1229.07 275.26 -27.1177 14.107 25.6982
93.916 312.026 -15.3325 5.32145 24.5721
52.1812 373.195 -15.2664 5.86312 24.2739
3369.27 447.287 -42.7192 8.35177 29.0051
3344.37 501.895 -43.2119 8.09527 28.4245
3403.68 508.478 -43.1757 8.71109 28.7225
3459.37 516.472 -42.5317 9.67408 28.8904
3334 526.144 -43.3964 8.00353 28.1568
3323.52 549.891 -43.6054 7.89296 27.8908
3277.56 642.911 -44.3414 7.49245 26.7698
3267.19 664.631 -44.7893 7.24049 26.2231
3267.19 664.631 -44.503 7.41611 26.5004
1367.91 783.522 -27.7526 14.2855 24.3976
4052.37 796.775 -39.5195 16.236 29.7111
3165.78 890.163 -46.5619 6.53312 23.4596
3165.78 890.163 -46.5623 6.52996 23.4565
3240.98 1038.22 -46.1199 8.70581 22.89
3240.98 1038.22 -46.4712 8.58449 22.6994
3303.68 1049.89 -45.9594 9.5027 23.3415
3004.56 1275.35 -49.2079 6.2843 17.3762
2975.67 1301.97 -49.4696 6.13105 16.5178
2975.67 1301.97 -48.9757 6.31229 16.8701
3640.93 1322.13 -42.8127 15.0987 24.5847
2316.23 1338.83 -59.5144 -16.7165 -5.54287
2316.23 1338.83 -59.2464 -16.3059 -5.16863
2791.26 1374.94 -54.2902 1.02933 10.4988
2791.26 1374.94 -54.3273 0.980269 10.407
441.669 1379.82 -26.4182 17.2993 25.1771
3853.22 1399.01 -41.2875 17.0867 25.717
3271.89 1447.54 -46.3924 11.9646 19.9271
3271.89 1447.54 -46.393 11.9647 19.9273
2329.64 1456.31 -57.0547 -11.1654 -4.78108
2329.64 1456.31 -56.9841 -11.0798 -4.7145
2329.64 1456.31 -57.1426 -11.266 -4.95674
2436.72 1461.43 -60.958 -11.3219 -4.97561
2436.72 1461.43 -61.6022 -11.8004 -5.57517
2215.57 1478.56 -55.0531 -12.5284 -7.15536
2254.99 1498.1 -55.6369 -11.2689 -6.65003
2254.99 1498.1 -55.6637 -11.2953 -6.69893
2216.6 1504.57 -55.0079 -11.8175 -7.57189
3882.12 1519.22 -41.1419 17.8439 25.3773
3525.7 1525.14 -44.0822 15.2086 22.3486
3938.63 1534.03 -40.6499 18.2615 25.7066
3998.53 1532.78 -40.6951 18.5873 26.0729
3487.32 1549.76 -44.3773 15.0272 21.8073
3889.92 1561.89 -41.0985 18.1001 25.2507
3947.6 1573.39 -40.5994 18.4959 25.6082
3083.04 1583.33 -48.3478 10.5651 15.9921
3238.39 1584.68 -46.4732 12.7319 18.5884
3004.87 1611.21 -48.6248 9.90213 14.6233
3133.9 1612.6 -47.1963 11.7905 16.9286
3133.9 1612.6 -47.225 11.7852 16.9138
2241.79 1622.78 -51.5895 -5.09919 -4.25005
2241.79 1622.78 -51.2513 -4.80928 -3.86963
1389.03 1644.11 -27.897 16.1359 23.2192
3094.89 1648.2 -47.8275 11.5199 15.8926
2242.41 1665.46 -51.0584 -3.6635 -3.98189
2386.95 1677.23 -56.9503 -4.80631 -6.47442
2305.51 1686.64 -52.6688 -3.12453 -4.2128
2305.51 1686.64 -52.6765 -3.26358 -4.46842
2886.22 1749.49 -53.9282 7.82131 8.00644
2759.11 1762.02 -52.2131 6.96164 6.74809
2759.11 1762.02 -51.8782 7.05274 6.89818
2759.11 1762.02 -51.9935 6.94897 6.70888
2759.11 1762.02 -52.2131 6.96164 6.74809
2759.11 1762.02 -51.8918 7.0546 6.87126
2759.11 1762.02 -51.9789 6.96734 6.73237
2879.72 1771.79 -53.8383 8.06849 7.70292
3392.85 1771.79 -45.3292 15.7069 19.3502
1955.58 1822.66 -31.7729 13.451 17.9263
954.34 1840.71 -27.0115 17.2466 24.1491
2281.12 1846.04 -50.8629 0.515998 -5.39565
2537.14 1850.6 -65.3072 -2.75979 -13.0498
2516.14 1880.37 -64.0917 -1.87323 -13.1979
3017.75 1893.66 -48.5815 12.9883 12.4772
2668.81 1906.94 -50.7611 8.33372 4.55883
3180.78 1919.01 -46.8793 15.0963 15.4344
3387.3 1922.49 -45.2239 16.9412 18.4626
3356.9 1925.67 -45.202 16.7467 18.1859
2426.21 1928.7 -57.233 1.05478 -9.65836
3145.58 1928.29 -46.6842 14.9346 15.0866
3206.24 1927.91 -47.0291 15.3677 15.6114
3206.24 1927.91 -47.0291 15.3677 15.6114
3324.3 1934.39 -45.2411 16.5774 17.7767
1918.06 1983.55 -31.0227 14.7332 18.4514
1969.09 2000.74 -31.8232 14.2877 17.2526
2134.59 2008.98 -36.8607 11.217 10.2627
1685.79 2027.31 -28.9611 16.2273 21.2722
2084.41 2050.67 -34.2304 13.2302 13.8584
1873.7 2199.43 -30.1943 16.1453 19.1768
924.075 2346.55 -26.8872 17.9877 23.9011
3984.08 143.975 -38.3263 14.4569 33.3154
559.673 218.478 -26.1761 16.2243 26.2809
3305.97 240.11 -42.8389 6.45694 30.7396
3245.66 246.354 -42.6516 6.01117 30.3453
3245.66 246.354 -42.5889 6.02658 30.2717
3245.66 246.354 -42.6346 6.01729 30.3403
3245.66 246.354 -42.7184 5.9414 30.3136
868.658 265.938 -26.5514 15.6054 26.0338
868.658 265.938 -26.5514 15.6054 26.0338
908.289 273.753 -26.6001 15.4771 25.9878
46.2921 403.424 -15.5076 6.20621 24.0858
3538.69 510.234 -41.9273 10.6711 29.299
3455.04 549.87 -42.7909 9.64328 28.6221
160.054 634.923 -25.9205 16.9856 26.0136
3532.03 649.435 -42.3802 11.0313 28.2367
3532.03 649.435 -42.2654 11.0192 28.2538
3532.03 649.435 -42.3814 11.0337 28.2307
3532.03 649.435 -42.1668 11.1433 28.239
3296.2 669.501 -44.0477 7.87272 26.7993
3296.2 669.501 -44.5402 7.72063 26.6579
256.669 774.075 -26.1359 17.0512 25.8458
4136.27 793.069 -39.0631 16.8105 30.0749
3200.2 895.492 -46.4967 7.01659 23.7124
1223.33 940.878 -27.4198 15.4139 24.5924
3803.18 1045.79 -41.1479 15.2196 27.1768
4237.17 1057.47 -38.8787 18.1994 29.3074
3857.55 1145.9 -40.9592 16.0314 26.9681
658.701 1194.24 -26.6169 16.8727 25.0958
658.701 1194.24 -26.6168 16.8724 25.0957
4164.96 1218.33 -38.315 18.9256 30.1315
3395.46 1234.68 -45.1459 11.9947 22.8809
3895.67 1267.44 -40.8487 16.8006 26.6006
3182.52 1292.7 -47.3289 9.45452 19.901
3808.01 1307.85 -41.2968 16.3938 25.8694
3840.06 1308.45 -41.2659 16.5909 26.0625
3644.38 1321.76 -42.8127 15.0987 24.5847
2315.6 1340.28 -59.2464 -16.3059 -5.16863
2315.6 1340.28 -59.5144 -16.7165 -5.54287
2815.29 1378.81 -54.7465 1.26553 10.5305
2815.29 1378.81 -54.9962 1.09323 10.4228
3951.32 1380.19 -40.6078 17.6432 26.4272
1025.53 1410.98 -27.1192 16.5399 24.3628
2380.96 1416.96 -58.3166 -11.5384 -3.51511
3982.29 1416.48 -40.3688 17.9927 26.4614
3475.37 1441.8 -44.4087 14.2211 22.3497
3475.37 1441.8 -44.2618 14.232 22.4145
3505.92 1450.59 -44.1296 14.5766 22.6101
1575.51 1469.31 -28.5753 15.0956 22.6864
1401.42 1477.28 -27.9507 15.7124 23.3117
2849.43 1505.84 -54.3701 3.76974 9.85377
3399.49 1507.63 -45.248 13.8567 21.0721
2885.54 1529.4 -57.2651 3.23591 8.11116
2885.54 1529.4 -55.1021 4.25148 9.76477
3098.66 1559.85 -47.6837 10.7566 16.7064
4250.28 1623.37 4.99053 20.8749 36.5479
887.481 1660.44 -26.9261 17.0892 24.3973
1735.78 1675.02 -29.5133 14.6666 21.0813
2341.32 1708.77 -54.3931 -3.42482 -5.68569
1731.84 1753.4 -29.3771 15.1121 21.2084
2473.18 1757.28 -60.9341 -3.79559 -9.15511
2473.18 1757.28 -60.9341 -3.79559 -9.15511
2799.82 1760.11 -52.9374 7.206 7.01998
3216.69 1765.95 -46.7391 14.0128 16.9702
1355.11 1776.02 -27.7866 16.49 23.1896
1899.91 1777.21 -31.0008 13.8354 19.0364
3453.99 1775.85 -45.0802 16.2508 19.9859
3453.99 1775.85 -45.0872 16.2602 19.9875
3180.37 1783.69 -47.2261 13.7344 16.1837
1733.11 1800.24 -29.3155 15.3561 21.2753
1923.45 1804.19 -31.2601 13.7829 18.6697
1763.17 1835.71 -29.8175 14.789 20.1003
2445.52 1852.66 -58.8382 -1.12225 -9.51947
2473.75 1871.45 -60.7264 -1.26583 -10.842
1914.5 1886.72 -31.2549 14.0436 18.2512
3307.74 1902.57 -45.7273 16.1184 17.5441
3264.74 1912.42 -46.1012 15.8279 16.8594
3264.74 1912.42 -46.0794 15.8364 16.8677
3264.74 1912.42 -46.1308 15.8792 16.7729
3605.4 1928.2 -43.2722 18.5046 21.1563
370.967 2015.49 -26.3532 17.9649 24.8854
1734.89 2035.88 -29.2081 16.1333 20.9852
515.041 2101.84 -26.4783 17.9543 24.6687
1995.61 2109.33 -31.9456 14.8521 16.8688
1615.69 2362.41 -28.437 17.401 21.538
737.802 75.1748 -26.2746 15.7676 26.4187
679.833 130.467 -26.2532 15.9417 26.3532
3950.31 135.614 -38.3628 14.1888 33.2165
4014.29 155.156 -38.1997 14.724 33.3073
170.322 195.391 -15.3927 4.24323 25.285
170.322 195.391 -15.3199 4.18462 25.1941
3281.71 264.906 -42.8658 6.32316 30.3766
3427.43 264.159 -42.0948 8.37365 30.9245
882.853 303.197 -26.591 15.6044 25.9648
805.17 574.26 -26.6218 16.0309 25.6252
3404.32 699.509 -43.8042 9.40924 27.1241
198.248 719.375 -26.0626 17.0836 25.9394
267.123 816.533 -26.1633 17.0714 25.8011
163.565 857.017 -26.0814 17.2171 25.8437
3229.26 873.76 -46.0701 7.42623 24.2154
3264.51 873.128 -45.5759 8.08549 24.5617
187.823 918.598 -26.1213 17.2354 25.7777
3210.04 1122.06 -46.4124 8.85966 21.8297
3246.57 1131.35 -46.4986 9.22876 22.0806
3246.57 1131.35 -46.503 9.22372 22.0839
965.503 1250.81 -26.9729 16.2202 24.4327
2187.63 1250.47 -44.3481 -4.00136 7.89979
3200.86 1249.84 -46.9575 9.4507 20.5625
3200.86 1249.84 -46.9575 9.4507 20.5625
3359.51 1280.51 -45.3847 11.825 22.2421
3359.51 1280.51 -45.4685 11.8596 22.1878
3219.03 1301.36 -46.6658 10.2248 20.4129
2363.39 1344.48 -58.8466 -13.1109 -2.31846
2363.39 1344.48 -60.7872 -16.0395 -5.12238
2363.39 1344.48 -60.7145 -16.3439 -5.23597
3052.28 1360.73 -48.0346 8.2961 17.6629
2886.21 1360.87 -52.3705 3.61984 13.3108
2405.95 1391.52 -59.4261 -12.2227 -3.25448
2405.95 1391.52 -60.7895 -13.5801 -4.38934
2609.65 1426.81 -51.337 0.429799 8.33952
1045.04 1490.54 -27.1571 16.6336 24.2697
3279.4 1522.63 -46.2645 12.6675 19.5104
3335.56 1530.11 -45.7913 13.3371 20.1571
2453.93 1560.32 -61.9793 -9.47854 -7.25897
969.209 1581.05 -27.0368 16.8534 24.2964
2901.84 1626.54 -53.6995 6.49555 9.95955
2901.84 1626.54 -54.9779 5.88667 9.0083
3667.39 1676.31 -42.7293 17.2728 22.9632
2931.31 1709.72 -51.1209 9.08836 11.1218
3606.19 1709.49 -43.2628 17.0294 22.2138
3606.19 1709.49 -43.2865 17.0452 22.2016
3077.23 1722.84 -47.8363 12.03 15.0882
2301.75 1726.64 -52.3651 -2.39322 -4.83494
2301.75 1726.64 -52.5158 -2.48106 -4.85695
2357.3 1742.75 -55.0482 -2.84058 -6.41109
3187.24 1745.36 -46.8436 13.556 16.7283
1377.03 1747.84 -27.8583 16.3358 23.0786
2443.66 1767.01 -59.4069 -3.34779 -8.67773
2885.38 1801.53 -54.5131 8.27228 7.04435
1795.15 1811.09 -29.9084 14.8011 20.3
2521.08 1812.45 -64.5169 -3.64944 -12.2159
2521.08 1812.45 -64.7547 -3.81968 -12.4789
2564.16 1831.96 -67.8248 -3.82448 -14.1962
3381.08 1833.85 -45.33 16.1685 18.8727
3539.2 1885.47 -43.6939 17.7807 20.6684
3345.94 1890.49 -45.5736 16.3308 18.0917
3478.42 1905.6 -44.3257 17.4957 19.8002
2344.81 1964.58 -50.4732 4.16792 -4.39735
810.925 270.302 -26.4817 15.7496 26.0632
858.248 337.246 -26.5779 15.6975 25.9282
398.471 490.818 -26.1632 16.6782 26.0343
3370.85 681.753 -43.9577 8.89611 27.0535
3327.89 701.839 -44.3974 8.32892 26.6003
3327.89 701.839 -44.3974 8.32892 26.6003
3534.14 725.857 -42.9378 11.1174 27.6853
3438.85 865.767 -43.8655 10.6392 26.0491
291.829 872.694 -26.1989 17.0778 25.7285
267.945 929.446 -26.1831 17.1342 25.6927
3713.66 939.695 -41.4013 14.1322 27.2792
3711.35 1000.2 -41.6621 14.2905 26.9129
3283.02 1090.71 -45.8478 9.65014 22.8549
3070.75 1168.25 -48.087 6.74313 19.6746
3070.75 1168.25 -48.3811 6.57638 19.4893
3477.21 1265.68 -43.9944 13.233 23.5369
2756.47 1327.71 -53.3225 0.405044 11.0294
3379.04 1363.59 -45.2399 12.6844 21.8341
3601.45 1371.87 -42.8733 15.0706 24.0118
3648.63 1375.28 -42.5924 15.4896 24.3738
3648.63 1375.28 -42.5924 15.4896 24.3738
2228.89 1448.02 -55.3988 -13.1214 -6.57449
3257.73 1463.75 -46.4227 11.9266 19.6692
3257.73 1463.75 -46.5223 11.9323 19.6153
2319.38 1476.63 -56.9038 -11.0097 -5.33112
2319.38 1476.63 -55.7564 -10.0541 -4.09514
2670.24 1483.15 -51.318 2.32527 8.96359
2670.24 1483.15 -52.0515 1.81059 8.32735
2421.42 1491.35 -60.4458 -10.5369 -5.52153
3211.04 1493.21 -46.7037 11.6643 18.8752
3211.04 1493.21 -46.7076 11.5799 18.93
2704.1 1524.19 -52.408 2.7528 8.25503
2324.41 1574.5 -56.3509 -8.23085 -6.27522
2324.41 1574.5 -56.3687 -8.25539 -6.30218
2505.3 1577 -69.955 -13.6941 -13.2529
3412.78 1654.02 -45.4778 14.9792 20.2165
2350.06 1673.71 -55.8385 -5.01482 -6.47706
2350.06 1673.71 -56.1968 -5.42065 -7.15743
556.915 1686.18 -26.5485 17.4832 24.8482
2537.8 1718.02 -67.0089 -7.01519 -12.1984
2695.15 1727.72 -51.6484 5.87241 6.35594
2979.35 1734.09 -50.0607 10.3514 12.3445
3426.26 1744.64 -45.4179 15.7699 19.8106
3426.26 1744.64 -45.2569 15.7999 19.8712
3521.09 1750.85 -44.0069 16.6724 21.0908
2247.66 1769.62 -50.7611 -1.57776 -5.2904
4143.27 1772.89 -39.6852 20.4437 26.153
301.956 1783.86 -26.3055 17.7943 25.0763
2564.91 1786.08 -69.3519 -5.86701 -14.7501
2359.01 1821.14 -55.2863 -1.61972 -8.20798
2405.27 1874.1 -54.862 0.913895 -6.65378
3143.13 1890.27 -47.0983 14.4708 15.0837
2948.54 1906.01 -49.4171 12.199 10.7616
2383.56 1930.83 -53.7758 2.24987 -6.90762
3110.92 1931.25 -46.9986 14.6192 14.4519
360.516 2589.04 -26.228 18.6024 24.7034
512.439 355.809 -26.2088 16.4092 26.1239
260.021 600.654 -26.0625 16.9155 26.0049
260.021 600.654 -26.0636 16.917 26.0055
231.773 881.918 -26.1464 17.1511 25.767
676.481 897.764 -26.5745 16.5608 25.3629
316.729 1067.76 -26.2642 17.1819 25.5341
3452.42 1188.3 -44.3485 12.4343 23.8023
467.97 1245.51 -26.4263 17.1496 25.2488
3806.27 1248.44 -41.2306 16.1302 26.1525
2367.19 1437.24 -58.1121 -11.4709 -4.22999
3829.47 1456.43 -41.1763 17.2398 25.3244
3829.47 1456.43 -41.2186 17.2402 25.3144
2617.61 1492.7 -51.8081 1.15156 7.3621
2617.61 1492.7 -51.4975 1.31236 7.62493
2904.94 1504.17 -57.2281 3.09773 9.17146
2904.94 1504.17 -52.3203 5.78334 12.0028
2229.8 1542.05 -55.2663 -10.6341 -7.65754
2367.9 1617.53 -56.6538 -6.29085 -5.78068
2367.9 1617.53 -57.0486 -6.47034 -6.12807
2367.9 1617.53 -57.1675 -6.4098 -6.14488
2834.41 1655.53 -53.5841 5.93592 8.32991
3613.67 1649.71 -43.0445 16.7466 22.6217
3613.67 1649.71 -43.0382 16.7523 22.6235
2720.33 1670.21 -52.0126 5.22699 7.18026
2253.63 1691.3 -51.0502 -3.18247 -4.26679
3384.16 1711.91 -45.5985 15.1519 19.5397
3199.08 1789.08 -46.9392 14.0228 16.5229
3199.08 1789.08 -46.8129 13.9847 16.6339
3314.13 1926.29 -45.669 16.4002 17.5208
211.387 682.439 -26.0305 17.0361 25.9458
590.104 812.355 -26.4589 16.622 25.5343
3431.82 906.202 -43.7481 10.85 25.6846
259.618 1019.09 -26.2084 17.2064 25.6388
1108.34 1040.18 -27.2118 15.8554 24.638
450.879 1159.07 -26.3975 17.0929 25.333
3161.3 1317.91 -46.9935 9.60285 19.596
2306.81 1370.91 -58.0787 -14.6888 -4.95853
3723.96 1379.34 -41.9041 16.1361 24.9446
3384.76 1440.65 -45.2775 13.2506 21.3887
3804.42 1541.26 -41.3583 17.4818 24.7735
3804.42 1541.26 -41.486 17.4745 24.7503
2855.71 1577.87 -52.8404 5.4772 10.1759
2855.71 1577.87 -53.0123 5.58389 10.0195
2696.43 1593.21 -52.9473 3.22905 6.86324
2696.43 1593.21 -52.9473 3.22905 6.86324
3698.73 1616.13 -42.3452 17.1576 23.5548
3698.73 1616.13 -42.2586 17.1569 23.5801
3788.25 1632.83 -41.8407 17.7586 24.2076
3543.02 1695.31 -43.5205 16.5066 21.7154
3543.02 1695.31 -43.6172 16.4993 21.6841
3809.65 1750.15 -41.7266 18.6102 23.8535
3418.99 1882.81 -44.4759 16.8967 19.3326
3755.58 1900.28 -41.3721 19.1853 22.974
277.342 745.916 -26.149 17.0093 25.8567
220.92 855.138 -26.106 17.1144 25.7837
3264.7 958.895 -45.9013 8.51678 23.7764
3832.1 1166.37 -41.0087 15.9733 26.723
3338.36 1198.87 -45.4993 11.0967 22.606
3338.36 1198.87 -45.9306 11.0066 22.4846
3089.98 1206.28 -47.9953 7.38276 19.4713
3698.48 1314.5 -42.5159 15.4824 25.0289
2875.43 1420.3 -50.9017 5.16119 13.2433
2528.35 1498.31 -58.3102 -5.53583 -0.330327
884.902 402.621 -26.6413 15.673 25.8018
3381.82 767.109 -44.1154 9.3974 26.4259
3493.97 838.727 -43.2938 11.2298 26.6201
3493.97 838.727 -43.2938 11.2298 26.6201
3350.35 1027.98 -45.0737 10.24 24.0454
3958.63 1215.11 -40.3676 17.0403 27.2074
3569.6 1286.66 -43.1799 14.3016 24.2237
3581.33 1427.66 -43.3689 15.1313 23.4654
4036.36 1483.88 -40.2719 18.5732 26.5093
2436.08 1693.55 -60.4404 -6.08216 -8.79549
3239.12 788.238 -45.1602 7.52584 25.1258
3481.21 1009.55 -43.5483 11.9649 25.3257
3114.65 1045.41 -47.743 6.41797 21.2461
